% Data For F-16 Aero Model 
% Reference: Stevens, B. L., Lewis, F. L., & Johnson, E. N. (2015). Aircraft control and simulation: Dynamics,
% controls design, and autonomous systems: Third edition. wiley. https://doi.org/10.1002/9781119174882

% Max deflection of control surfaces
maxAilDefl_deg = 20;
maxRudderDefl_deg = 30;
maxElevatorDefl_deg = 25;
elevatorDeflRateLimit_degps = 60;
aileronDeflRateLimit_degps = 80;
rudderDeflRateLimit_degps = 120;
tauElevator_s = 0.0495;
tauAilerons_s = 0.0495;
tauRudder_s = 0.0495;

% All coefficients use alpha as one set of breakpoints.
alphaBkpts_nd = -2:9;% -10:5:45 degs;
% Damping coefficients 
CXq = [-0.267	-0.110	0.308	1.340	2.080	2.910	2.760	2.050...
    1.500	1.490	1.830	1.210];
CYr = [0.882	0.852	0.876	0.958	0.962	0.974	0.819	0.483...
    0.590	1.210	-0.493	-1.040];
CYp = [-0.108	-0.108	-0.188	0.110	0.258	0.226	0.344	0.362	0.611	0.529	0.298	-2.270];
CZq = [-8.800	-25.800	-28.900	-31.400	-31.200	-30.700	-27.700	-28.200	-29.000	-29.800	-38.300	-35.300];
Clr = [-0.126	-0.026	0.063	0.113	0.208	0.230	0.319	0.437	0.680	0.100	0.447	-0.330];
Clp = [-0.360	-0.359	-0.443	-0.420	-0.383	-0.375	-0.329	-0.294	-0.230	-0.210	-0.120	-0.100];
Cmq = [-7.210	-0.540	-5.230	-5.260	-6.110	-6.640	-5.690	-6.000	-6.200	-6.400	-6.600	-6.000];
Cnr = [-0.380	-0.363	-0.378	-0.386	-0.370	-0.453	-0.550	-0.582	-0.595	-0.637	-1.020	-0.840];
Cnp = [0.061	0.052	0.052	-0.012	-0.013	-0.024	-0.050	0.150	0.130	0.158	0.240	0.150];

% CX | Bkpts are alpha and beta
betaBkpts_nd = -3:3;% -30:10:30 degs;
elevBkpts_nd = -2:2;% [-25 -10 0 10 25] degs; % Used by CL and CN 

CX = [-0.099	-0.081	-0.081	-0.063	-0.025	-0.044	-0.097	0.113	0.145	0.167	0.174	0.166
-0.048	-0.038	-0.04	-0.021	0.016	0.083	0.127	0.137	0.162	0.177	0.179	0.167
-0.022	-0.02	-0.021	-0.004	0.032	0.094	0.128	0.13	0.154	0.161	0.155	0.138
-0.04	-0.038	-0.039	-0.025	0.006	0.062	0.087	0.085	0.1	0.11	0.104	0.091
-0.083	-0.073	-0.076	-0.072	-0.046	0.012	0.024	0.025	0.043	0.053	0.047	0.04];

CZ = [0.770 0.241 -0.100 -0.416 -0.731 -1.053 -1.366 -1.646 -1.917 -2.120 -2.248 -2.229];

CM = [0.205	0.168	0.186	0.196	0.213	0.251	0.245	0.238	0.252	0.231	0.198	0.192
0.081	0.077	0.107	0.110	0.110	0.141	0.127	0.119	0.133	0.108	0.081	0.093
-0.046	-0.020	-0.009	-0.005	-0.006	0.010	0.006	-0.001	0.014	0.000	-0.013	0.032
-0.174	-0.145	-0.121	-0.127	-0.129	-0.102	-0.097	-0.113	-0.087	-0.084	-0.069	-0.006
-0.259	-0.202	-0.184	-0.193	-0.199	-0.15	-0.16	-0.167	-0.104	-0.076	-0.041	-0.005];

CL = [-0.001	-0.004	-0.008	-0.012	-0.016	-0.019	-0.02	-0.02	-0.015	-0.008	-0.013	-0.015
-0.003	-0.009	-0.017	-0.024	-0.03	-0.034	-0.04	-0.037	-0.016	-0.002	-0.01	-0.019
-0.001	-0.01	-0.02	-0.03	-0.039	-0.044	-0.05	-0.049	-0.023	-0.006	-0.014	-0.027
0	0	0	0	0	0	0	0	0	0	0	0
0	-0.01	-0.022	-0.034	-0.047	-0.046	-0.059	-0.061	-0.033	-0.036	-0.035	-0.035
0.007	-0.01	-0.023	-0.034	-0.049	-0.046	-0.068	-0.071	-0.06	-0.058	-0.062	-0.059
0.009	-0.011	-0.023	-0.037	-0.05	-0.047	-0.074	-0.079	-0.091	-0.076	-0.077	-0.076];

CN = [0.018	0.019	0.018	0.019	0.019	0.018	0.013	0.007	0.004	-0.014	-0.017	-0.033
0.038	0.042	0.042	0.042	0.043	0.039	0.03	0.017	0.004	-0.035	-0.047	-0.057
0.056	0.057	0.059	0.058	0.058	0.053	0.032	0.012	0.002	-0.046	-0.071	-0.073
0	0	0	0	0	0	0	0	0	0	0	0
0.064	0.077	0.076	0.074	0.073	0.057	0.029	0.007	0.012	-0.034	-0.065	-0.041
0.074	0.086	0.093	0.089	0.08	0.062	0.049	0.022	0.028	-0.012	-0.002	-0.013
0.079	0.09	0.106	0.106	0.096	0.08	0.068	0.03	0.064	0.015	0.011	-0.001];

% Rolling moment due to ailerons
dLdAil = [-0.041	-0.052	-0.053	-0.056	-0.05	-0.056	-0.082	-0.059	-0.042	-0.038	-0.027	-0.017
-0.041	-0.053	-0.053	-0.053	-0.05	-0.051	-0.066	-0.043	-0.038	-0.027	-0.023	-0.016
-0.042	-0.053	-0.052	-0.051	-0.049	-0.049	-0.043	-0.035	-0.026	-0.016	-0.018	-0.014
-0.04	-0.052	-0.051	-0.052	-0.048	-0.048	-0.042	-0.037	-0.031	-0.026	-0.017	-0.012
-0.043	-0.049	-0.048	-0.049	-0.043	-0.042	-0.042	-0.036	-0.025	-0.021	-0.016	-0.011
-0.044	-0.048	-0.048	-0.047	-0.042	-0.041	-0.02	-0.028	-0.013	-0.014	-0.011	-0.01
-0.043	-0.049	-0.047	-0.045	-0.042	-0.037	-0.003	-0.013	-0.01	-0.003	-0.007	-0.008];

% Rolling moment due to rudder
dLdRud = [0.005	0.017	0.014	0.01	-0.005	0.009	0.019	0.005	0	-0.005	-0.011	0.008
0.007	0.016	0.014	0.014	0.013	0.009	0.012	0.005	0	0.004	0.009	0.007
0.013	0.013	0.011	0.012	0.011	0.009	0.008	0.005	-0.002	0.005	0.003	0.005
0.018	0.015	0.015	0.014	0.014	0.014	0.014	0.015	0.013	0.011	0.006	0.001
0.015	0.014	0.013	0.013	0.012	0.011	0.011	0.01	0.008	0.008	0.007	0.003
0.021	0.011	0.01	0.011	0.01	0.009	0.008	0.01	0.006	0.005	0	0.001
0.023	0.01	0.011	0.011	0.011	0.01	0.008	0.01	0.006	0.014	0.02	0];

% Yaw moment due to ailerons
dNdAil = [0.001	-0.027	-0.017	-0.13	-0.012	-0.016	0.001	0.017	0.011	0.017	0.008	0.016
0.002	-0.014	-0.016	-0.016	-0.014	-0.019	-0.021	0.002	0.012	0.015	0.015	0.011
-0.006	-0.008	-0.006	-0.006	-0.005	-0.008	-0.005	0.007	0.004	0.007	0.006	0.006
-0.011	-0.011	-0.01	-0.009	-0.008	-0.006	0	0.004	0.007	0.01	0.004	0.01
-0.015	-0.015	-0.014	-0.012	-0.011	-0.008	-0.002	0.002	0.006	0.012	0.011	0.011
-0.024	-0.01	-0.004	-0.002	-0.001	0.003	0.014	0.006	-0.001	0.004	0.004	0.006
-0.022	0.002	-0.003	-0.005	-0.003	-0.001	-0.009	-0.009	-0.001	0.003	-0.002	0.001];

% Yaw moment due to rudders
dNdRud = [-0.018	-0.052	-0.052	-0.052	-0.054	-0.049	-0.059	-0.051	-0.03	-0.037	-0.026	-0.013
-0.028	-0.051	-0.043	-0.046	-0.045	-0.049	-0.057	-0.052	-0.03	-0.033	-0.03	-0.008
-0.037	-0.041	-0.038	-0.04	-0.04	-0.038	-0.037	-0.03	-0.027	-0.024	-0.019	-0.013
-0.048	-0.045	-0.045	-0.045	-0.044	-0.045	-0.047	-0.048	-0.049	-0.045	-0.033	-0.016
-0.043	-0.044	-0.041	-0.041	-0.04	-0.038	-0.034	-0.035	-0.035	-0.029	-0.022	-0.009
-0.052	-0.034	-0.036	-0.036	-0.035	-0.028	-0.024	-0.023	-0.02	-0.016	-0.01	-0.014
-0.062	-0.034	-0.027	-0.028	-0.027	-0.027	-0.023	-0.023	-0.019	-0.009	-0.025	-0.01];
